50
400
121
391
99
298
298
156
161
131
226
81
55
140
124
242
158
20
392
85
74
227
156
350
336
236
195
87
54
190
312
188
388
225
309
333
352
110
319
178
245
400
311
46
188
187
245
189
271
213
137
356
188
188
319
179
85
258
217
17
254
301
165
361
226
334
222
225
394
350
127
257
166
24
178
263
225
25
188
45
25
371
265
69
257
389
358
201
174
156
79
254
311
52
309
219
177
153
246
228
291
126
98
107
120
238
67
88
268
179
58
238
163
147
110
73
129
238
346
177
289
144
227
266
314
145
153
228
304
310
247
329
306
55
166
274
306
355
165
139
34
174
318
99
88
158
369
242
99
106
344
267
372
386
243
278
124
311
33
396
173
126
202
371
321
19
377
203
293
258
172
296
222
316
373
383
11
162
72
268
326
22
177
250
219
303
376
62
164
12
278
50
383
157
341
136
117
279
354
342
289
133
206
170
169
22
137
97
323
88
340
217
144
148
215
134
108
231
210
314
15
141
53
180
2
190
192
52
369
47
304
213
40
185
322
43
62
329
98
170
255
204
387
237
255
172
251
82
378
110
260
177
337
32
147
294
180
304
259
180
369
278
120
46
37
294
296
26
254
269
298
151
123
361
370
295
346
209
349
194
184
252
395
117
395
119
368
50
35
212
124
369
266
353
275
18
327
107
39
49
45
303
185
362
62
377
61
273
320
317
58
335
1
362
76
363
355
247
47
56
171
17
312
88
248
117
286
165
91
319
324
4
210
171
50
396
395
357
247
214
264
282
341
382
34
397
381
107
352
326
143
211
172
112
79
399
249
84
382
192
131
166
111
170
321
354
129
319
378
15
187
272
359
398
206
67
129
146
274
30
281
311
274
157
96
271
163
23
110
71
93
358
212
173
195
194
50
33
271
175
67
214
