20
300
192
297
91
148
12
71
14
250
194
247
228
227
87
68
115
221
282
271
254
90
201
254
135
147
151
226
7
33
52
280
296
294
33
42
91
287
288
133
22
238
4
282
43
131
4
13
179
129
105
104
118
174
251
299
259
213
50
2
267
210
63
166
188
281
164
105
28
142
263
219
189
238
112
120
187
299
140
214
42
133
78
281
278
171
40
73
237
209
30
53
204
81
171
277
286
71
234
50
33
52
208
96
266
211
1
88
238
283
124
149
103
103
192
69
70
297
67
109
194
150
181
19
125
162
153
263
207
299
183
11
294
257
69
135
272
6
128
59
7
76
95
195
110
27
95
129
12
279
203
277
164
63
76
148
106
284
123
221
60
144
197
262
76
130
82
54
3
246
41
10
81
17
195
239
89
250
91
237
239
73
255
11
199
209
31
246
51
36
56
11
200
262
142
267
288
141
21
191
101
124
44
57
41
8
5
292
131
171
206
12
59
95
206
172
87
169
23
47
221
21
92
260
231
137
299
94
140
244
262
127
226
43
239
171
9
284
123
1
234
269
72
158
161
180
164
136
11
285
250
194
256
213
195
131
253
49
42
203
70
42
85
270
73
133
199
40
104
46
160
190
136
267
126
138
219
135
193
15
81
146
99
179
11
272
22
75
267
289
93
173
284
225
172
204
282
242
74
237
70
202
