20
500
437
85
240
408
387
157
160
459
102
257
190
259
78
84
166
110
169
273
134
168
7
173
258
151
106
430
368
227
401
226
387
226
77
200
490
412
305
171
215
72
145
84
423
426
280
388
203
76
299
22
200
24
169
304
9
281
235
397
43
120
86
297
317
402
387
303
59
191
438
105
47
101
18
222
97
106
417
213
438
393
444
221
452
138
55
232
260
253
162
300
192
309
440
2
335
392
344
252
129
46
22
246
78
243
483
354
265
355
144
34
258
354
105
215
185
295
254
369
72
438
436
209
272
154
81
42
354
458
151
208
371
234
450
288
470
431
279
356
202
352
22
385
216
299
368
309
108
429
232
483
52
2
219
421
476
420
462
215
384
445
47
380
273
203
244
386
188
313
127
221
256
411
56
96
144
61
193
82
389
148
233
231
167
108
101
485
386
418
170
264
472
390
469
228
287
107
95
457
412
53
371
37
220
200
13
145
298
409
46
404
240
203
131
295
243
230
268
55
396
386
86
370
352
299
25
445
31
496
19
201
466
348
391
381
274
111
432
214
321
213
350
103
47
243
114
215
306
247
496
479
345
450
219
358
203
241
323
425
29
246
151
484
130
212
58
219
403
453
364
226
212
261
475
169
12
213
462
238
134
375
312
500
56
270
169
141
85
436
261
329
256
230
19
390
495
434
144
234
39
326
151
90
338
307
245
351
376
212
86
375
375
15
5
486
180
53
150
311
94
167
4
354
336
214
400
143
214
32
243
139
300
108
256
162
298
255
100
145
1
176
199
234
108
5
247
390
335
178
101
393
2
140
318
152
420
300
127
96
406
283
424
176
243
362
117
44
443
425
248
110
19
304
93
121
313
238
294
268
410
200
348
340
4
423
226
340
178
158
55
54
420
149
43
119
128
166
24
140
212
151
367
493
171
319
12
177
70
438
74
246
364
223
224
431
293
334
157
228
101
171
451
473
158
78
15
430
31
118
31
78
219
153
342
37
325
122
59
154
149
191
203
500
321
405
14
261
323
465
178
370
196
155
11
427
74
162
331
483
151
458
285
266
171
202
29
142
212
46
313
359
419
279
220
75
234
374
435
481
399
45
290
138
496
230
180
27
408
276
300
51
373
395
315
73
200
463
289
354
350
164
