10
400
239
265
372
125
245
286
184
292
71
67
250
361
363
279
372
110
153
135
84
246
42
125
33
305
299
349
132
272
306
278
98
228
243
90
355
200
241
219
136
202
3
179
291
16
282
112
368
79
149
384
255
63
41
68
211
248
252
160
178
315
213
34
12
257
121
196
369
98
372
62
228
3
286
189
13
251
184
384
177
237
62
46
120
298
368
207
369
104
1
209
164
290
128
127
83
400
316
286
244
19
293
214
13
148
60
93
378
294
187
240
25
189
212
43
52
165
308
195
255
42
340
300
323
385
19
190
257
9
378
172
197
231
210
11
48
35
234
244
366
367
342
267
197
100
125
238
204
202
84
305
196
18
82
119
306
286
358
395
206
136
227
131
59
305
48
1
179
21
1
384
332
25
113
333
290
358
147
71
117
19
97
224
168
381
110
13
62
149
117
152
310
206
87
237
11
10
308
266
292
304
231
217
19
355
235
250
240
359
58
334
314
2
239
387
186
170
88
110
372
191
177
209
213
208
371
252
22
254
277
93
95
90
168
37
213
158
248
304
301
229
152
230
279
59
246
328
134
376
46
380
365
277
332
352
290
101
14
186
138
78
138
340
177
79
163
253
325
136
68
279
43
17
186
112
112
52
305
284
181
29
156
180
175
392
228
123
331
343
361
212
281
341
83
148
36
149
191
386
30
26
238
222
126
130
224
239
183
389
376
201
176
85
207
247
208
382
336
202
212
336
170
34
248
27
178
199
287
238
100
116
120
81
356
188
175
214
243
7
173
264
296
380
193
357
310
276
18
280
65
166
136
389
147
150
272
338
333
45
170
38
9
188
270
12
76
337
2
301
384
148
107
358
41
79
175
396
98
136
145
48
220
356
255
140
176
390
137
198
275
162
147
385
51
16
308
252
127
344
324
350
