20
400
358
307
107
271
215
347
331
327
69
72
268
153
265
97
203
157
211
167
294
393
256
233
170
64
318
123
165
392
183
242
263
382
53
69
271
37
375
212
57
36
235
372
263
285
262
112
216
205
236
208
74
273
4
256
351
76
155
134
144
281
93
176
149
366
266
204
90
364
302
261
142
336
194
49
375
236
392
131
59
349
261
57
131
14
362
266
204
189
387
163
307
51
131
258
62
191
268
48
22
392
302
102
69
381
245
369
282
231
181
142
314
281
44
73
170
288
69
147
74
151
190
92
273
344
114
267
215
144
90
179
48
150
18
110
206
118
302
94
36
347
97
112
226
310
65
236
108
29
196
162
236
72
195
130
374
109
173
319
101
335
198
286
104
64
3
169
353
159
103
244
21
280
297
73
57
75
396
217
364
297
358
4
228
140
168
159
5
53
178
256
334
154
342
158
285
49
65
84
351
374
174
378
38
383
234
376
178
286
281
51
388
287
128
124
26
296
207
31
278
264
39
382
341
374
101
385
398
257
24
148
210
395
327
279
213
221
321
102
98
238
298
187
198
57
87
382
385
162
364
45
255
38
54
298
306
134
109
221
137
399
113
96
293
371
206
340
245
96
70
48
203
131
324
195
259
306
212
365
57
16
142
281
64
202
243
325
97
111
165
17
125
300
24
208
294
295
209
187
112
283
214
331
384
330
155
89
190
386
160
227
358
324
119
89
370
43
171
229
289
396
81
179
255
350
347
373
173
197
73
76
283
328
191
393
138
160
343
109
322
204
58
140
247
226
146
139
150
215
181
89
336
205
69
169
25
130
262
62
181
129
238
216
271
393
160
337
299
381
96
251
249
149
155
165
117
4
168
139
256
103
165
392
106
398
10
77
158
107
327
194
313
191
136
145
178
309
293
233
242
136
