50
500
359
17
78
182
360
70
204
152
259
418
120
36
289
287
318
391
333
325
163
221
482
171
482
293
149
320
446
110
12
347
373
107
339
227
259
311
298
222
22
447
114
376
56
94
400
311
365
10
294
105
462
142
117
392
424
220
76
204
494
414
130
258
181
284
239
334
265
171
67
40
317
425
353
110
406
89
27
34
89
55
391
68
211
269
192
18
28
40
187
471
168
139
120
157
48
447
323
289
423
59
147
273
473
300
206
377
87
275
266
369
46
321
312
344
124
4
45
312
4
4
318
244
450
269
238
436
391
386
114
374
361
299
90
206
445
294
372
235
128
445
170
458
375
108
112
229
245
312
417
241
478
454
400
33
191
151
230
203
448
233
18
483
319
114
374
11
494
223
260
197
292
277
104
224
411
158
350
233
122
163
150
351
233
95
232
348
452
330
201
234
251
61
301
313
311
356
489
117
182
311
268
212
261
12
416
119
271
175
202
344
308
217
31
457
375
11
62
348
289
150
157
30
399
452
199
201
100
359
65
337
48
383
310
84
343
91
230
469
174
303
75
458
468
439
161
384
351
254
408
408
1
111
399
76
305
383
35
257
274
355
53
156
95
332
69
474
187
235
244
85
464
458
355
366
112
114
301
372
407
227
473
292
215
469
391
123
371
82
353
407
264
270
370
351
118
378
457
337
133
497
485
169
13
360
75
385
460
197
397
193
376
386
191
235
378
158
180
120
277
78
260
426
294
151
130
487
401
365
37
209
429
437
324
125
192
440
92
135
30
64
490
297
375
12
278
365
11
27
62
228
317
132
233
125
96
87
352
289
257
461
39
465
498
120
143
445
315
376
284
9
435
20
316
394
70
85
84
100
218
467
245
322
142
174
318
200
441
176
198
96
454
137
278
14
287
250
233
324
239
50
434
115
192
117
229
358
334
58
159
277
164
19
193
321
438
193
104
306
377
378
120
357
400
474
251
323
20
424
406
365
321
5
340
401
5
9
307
96
193
458
500
410
34
209
333
423
158
69
176
55
384
114
256
313
85
148
152
285
250
186
379
435
357
296
198
123
362
163
284
345
76
267
466
316
304
266
492
191
104
236
487
122
369
72
22
444
413
297
39
354
463
125
3
316
215
312
29
217
434
335
