50
200
197
1
187
59
65
52
171
67
179
70
57
86
191
158
160
119
90
95
54
14
155
159
143
116
23
99
108
142
71
166
76
64
178
17
128
100
12
5
81
179
199
48
140
49
150
170
78
10
153
105
197
158
7
56
136
47
97
50
34
112
156
166
113
46
99
81
114
100
10
3
157
144
12
173
191
101
169
144
178
86
129
149
181
12
125
71
168
154
182
190
161
179
133
38
197
150
191
154
121
95
95
79
79
15
53
167
161
16
200
65
70
74
127
23
112
199
90
129
26
153
127
177
123
53
188
125
169
73
157
195
38
34
121
119
27
171
111
127
183
168
164
190
61
139
82
74
117
27
91
163
26
91
130
72
5
161
39
154
13
179
182
118
48
178
80
57
110
123
30
197
16
187
157
18
142
184
61
147
143
57
105
41
197
131
122
187
28
68
28
97
189
86
172
118
135
140
124
98
150
15
