10
300
162
265
107
72
59
77
125
76
119
219
173
261
79
66
118
144
142
160
148
50
226
260
22
234
239
85
203
62
240
174
39
92
196
114
121
163
157
231
33
11
122
117
214
88
182
42
251
176
254
23
86
206
275
132
3
203
291
114
271
15
8
265
222
260
17
171
298
209
49
212
86
196
242
53
146
286
110
36
181
31
140
185
50
246
243
294
276
285
200
132
240
238
265
210
97
69
247
17
288
185
46
265
54
179
257
159
90
38
221
185
199
27
64
206
186
284
71
228
175
269
225
288
281
93
26
121
239
236
31
272
8
285
65
145
83
85
280
271
196
236
242
278
129
193
7
73
192
188
118
212
172
27
98
30
101
275
113
241
197
190
143
254
164
226
177
149
216
198
13
226
46
30
279
291
94
161
102
57
141
71
35
54
156
20
247
177
54
215
103
37
5
41
233
160
67
166
12
24
36
275
103
276
245
150
123
12
295
59
242
233
226
250
261
264
220
171
294
151
235
164
136
132
135
265
65
76
258
236
287
9
59
20
250
180
286
137
37
145
77
200
98
215
73
112
47
249
250
185
101
72
139
75
202
245
16
7
232
194
293
297
144
207
242
200
143
160
54
59
122
71
282
194
241
294
20
117
3
151
192
139
21
21
146
253
257
213
299
38
105
73
71
167
82
137
195
262
21
14
296
59
