20
200
22
109
97
37
60
136
193
59
25
92
45
11
144
192
140
93
135
81
179
199
77
85
169
146
16
37
35
134
173
25
97
97
127
111
73
189
140
130
143
106
114
27
48
90
50
112
44
166
17
46
172
145
30
77
178
166
46
150
157
97
190
11
59
83
132
11
52
96
196
63
54
71
29
151
156
29
141
79
85
57
29
49
67
65
76
153
127
90
65
24
113
174
57
124
68
14
174
113
180
48
7
52
149
180
87
120
60
186
196
176
63
149
141
2
29
7
64
41
172
143
140
105
12
17
103
46
109
134
30
97
6
20
155
89
155
74
160
26
83
34
9
57
116
134
57
58
85
86
40
73
48
73
167
174
22
186
122
199
153
65
174
167
139
34
134
191
129
67
199
189
49
98
183
92
98
82
65
103
159
151
96
157
74
9
91
17
1
132
59
153
24
102
185
68
63
185
101
138
109
153
