50
300
270
185
277
2
153
94
255
103
224
253
85
148
110
13
292
264
111
30
34
53
265
165
34
281
293
49
120
238
293
266
171
23
264
292
222
91
230
124
243
137
237
137
184
62
57
156
276
253
254
28
109
252
129
283
32
115
199
177
49
275
192
239
27
40
282
38
288
45
258
166
155
51
18
103
166
231
194
227
81
171
215
275
48
42
87
99
83
206
264
228
104
92
253
80
127
3
184
180
120
200
275
298
85
14
124
202
283
22
165
79
289
127
195
7
39
108
33
71
49
18
278
129
87
138
31
281
160
74
151
207
144
292
21
223
61
231
40
102
272
3
211
122
267
21
166
164
48
236
187
238
103
39
291
207
272
22
221
147
41
182
46
89
118
178
298
45
68
39
231
150
174
1
245
116
291
112
217
242
209
178
299
101
103
101
166
49
241
201
268
287
27
264
94
218
223
55
170
163
73
74
45
11
233
144
176
114
203
290
69
206
60
300
26
202
273
300
124
50
203
188
144
151
100
94
19
286
268
70
173
14
210
300
128
89
286
260
123
228
98
118
99
150
221
89
175
211
115
250
35
61
292
101
180
295
164
200
49
153
183
59
269
266
19
77
173
258
285
126
285
164
158
107
300
261
191
96
25
36
264
77
75
100
173
54
232
205
132
156
99
94
205
170
129
25
175
137
28
88
83
42
