10
500
175
217
69
86
395
406
136
429
189
27
413
90
91
124
422
253
321
472
108
152
253
178
151
211
474
360
268
182
169
30
125
164
304
423
222
322
441
246
469
182
303
307
302
35
187
139
20
344
239
240
219
65
181
207
56
81
382
486
456
132
479
266
128
481
227
378
465
136
45
380
386
220
21
180
59
260
55
79
339
283
464
358
88
340
327
169
67
267
264
361
193
334
427
136
83
476
398
119
271
456
417
3
261
360
146
496
226
369
210
437
494
78
438
21
386
440
247
175
294
51
496
328
140
386
417
96
245
34
317
297
113
290
288
312
403
146
436
174
106
198
105
45
430
57
149
258
298
321
415
327
100
262
146
167
457
163
448
252
251
313
201
107
443
337
320
108
188
457
477
338
8
221
140
428
381
190
292
160
300
99
283
213
205
449
307
485
455
193
266
138
291
351
143
31
95
370
497
349
42
418
314
372
305
358
420
337
80
491
340
218
275
114
413
51
221
161
64
308
344
380
307
487
267
248
15
318
242
480
115
43
356
73
37
13
438
101
231
102
498
245
64
66
391
431
220
155
428
315
193
344
202
25
79
95
466
106
211
493
367
435
296
477
376
182
245
86
258
430
152
4
189
136
31
292
181
447
150
325
413
71
368
79
448
376
227
163
433
290
34
16
231
46
235
284
464
102
237
177
279
297
320
288
127
103
452
262
440
380
259
380
101
218
441
479
238
496
300
47
392
273
406
109
213
322
446
102
126
309
164
265
167
500
405
324
93
255
442
357
213
493
269
97
142
284
81
462
130
159
231
251
67
171
114
384
168
161
389
375
112
170
356
306
425
293
125
34
219
116
349
385
29
411
46
444
106
19
425
30
77
446
188
262
174
493
211
277
83
73
260
398
422
246
171
181
97
165
231
99
496
178
156
219
231
149
304
462
315
209
26
303
235
218
413
400
17
394
469
205
369
205
430
114
256
409
245
419
113
259
160
467
23
464
257
347
17
361
278
251
259
491
279
263
499
322
182
116
376
421
169
421
359
149
343
149
26
346
109
317
254
367
20
81
236
95
319
308
317
135
291
417
24
262
64
207
328
420
8
170
464
77
62
319
344
328
327
345
440
262
330
160
400
268
433
307
17
95
467
111
13
52
