10
200
52
1
184
200
188
157
105
173
96
188
70
172
8
2
183
70
9
31
194
183
127
186
14
178
26
37
137
81
65
158
195
18
62
139
11
192
81
69
135
35
79
87
140
113
163
5
10
15
13
79
118
73
160
63
124
72
169
60
187
82
60
107
15
55
187
14
27
37
11
129
189
61
158
50
172
166
81
99
193
19
199
66
53
105
113
177
125
193
164
174
10
104
3
182
126
57
197
19
173
99
170
146
100
139
46
150
129
2
102
123
142
83
189
41
43
13
81
156
21
68
20
80
103
145
143
152
76
59
29
103
173
199
14
23
38
41
142
167
192
24
129
13
47
76
110
186
43
168
154
157
119
43
74
76
78
162
138
170
115
68
162
76
129
174
177
154
3
191
138
67
16
6
181
194
27
158
168
31
66
115
88
156
29
148
79
11
158
146
185
116
9
95
190
92
2
168
118
113
42
57
