76
251
82
90
99
140
90
172
121
189
206
142
113
170
168
117
99
139
218
110
249
238
212
169
236
147
182
121
205
208
92
149
97
101
112
191
110
181
218
246
221
221
189
240
168
251
224
183
79
192
190
120
125
143
201
161
138
114
186
189
221
137
238
201
198
240
101
232
203
233
94
232
154
96
200
156
191
88
234
77
91
174
93
118
81
130
116
143
220
110
196
94
246
230
77
92
153
103
244
248
153
201
98
215
223
156
250
190
151
204
232
191
87
134
220
115
83
173
151
115
248
90
209
93
109
160
246
182
111
89
157
90
173
164
104
111
221
76
237
171
138
143
78
209
225
172
229
107
144
199
90
221
185
222
130
194
108
98
123
208
187
231
129
154
182
114
239
178
227
249
109
198
136
250
121
226
119
237
89
219
112
187
87
229
83
241
197
209
232
120
174
179
243
77
161
117
245
177
78
238
101
127
161
175
114
231
125
150
211
170
248
211
164
104
198
246
148
115
219
211
108
201
126
116
164
237
241
215
126
109
152
241
190
217
133
160
125
116
128
118
105
190
105
108
159
218
146
248
174
229
168
241
112